//------------------------------------------------
// pLocalizationPF config block

ProcessConfig = pLocalizationPF
{

    AppTick   = 1
    CommsTick = 1

    POOL_WIDTH = 144.7762461813487
    POOL_HEIGHT = 62.29228753464289
    POOL_UTM_X = 569239.551532066
    POOL_UTM_Y = 4882916.595849914
    POOL_ANGLE = -1.2895641248766014
    ZONE = 32T
    USE_RAZOR_HEADING = true

    SPEED_FACTOR = 0.0115

}

